% Phase-1


A = [1 -1 1 0 0 -1 0 0;-1 -1 0 1 0 0 -1 0;2 -1 0 0 1 0 0 1]

A =

     1    -1     1     0     0    -1     0     0
    -1    -1     0     1     0     0    -1     0
     2    -1     0     0     1     0     0     1

b = [-1;-3;2]

b =

    -1
    -3
     2

c = [0;0;0;0;0;1;1;1]

c =

     0
     0
     0
     0
     0
     1
     1
     1

%Initial basis x6, x7, x8
basis = [6 7 8]

basis =

     6     7     8

nonbasis = [1:5]

nonbasis =

     1     2     3     4     5

basisupdate

y =

    -1
    -1
     1


x =

     0
     0
     0
     0
     0
     1
     3
     2


z =

     6


ans =

    -2    -1     1     1    -1
     1     2     3     4     5

%by Dantzig's rule, x1 will enter the basis
% we want he coefficients of x1 from inv(B)*AN

a = A(:,1)

a =

     1
    -1
     2

d = solveBxb(L,U,p,a)

d =

    -1
     1
     2

xb

xb =

     1
     3
     2

% we want to maximize t subject to [1;3;2] - t*[-1;1;2] >= 0
% x8 will decrease to 0 and leave the basis 
% New basis is x1, x6, x7

basis = [1 6 7]

basis =

     1     6     7

nonbasis = [2 3 4 5 8]

nonbasis =

     2     3     4     5     8

basisupdate

y =

    -1
    -1
     0


x =

     1
     0
     0
     0
     0
     2
     2
     0


z =

     4


ans =

    -2     1     1     0     1
     2     3     4     5     8

%by Dantzig's rule, x2 will enter the basis
% we want he coefficients of x2 from inv(B)*AN


a = A(:,2)

a =

    -1
    -1
    -1

d = solveBxb(L,U,p,a)

d =

   -0.5000
    0.5000
    1.5000

xb

xb =

     1
     2
     2

% we want to maximize t subject to [1;2;2] - t*[-0.5;0.5;1.5] >= 0
% x7 will decrease to 0 and leave the basis 
% New basis is x1,x2, x6


basis = [1 2 6]

basis =

     1     2     6

nonbasis = [3 4 5 7 8]

nonbasis =

     3     4     5     7     8

basisupdate

y =

   -1.0000
    0.3333
    0.6667


x =

    1.6667
    1.3333
         0
         0
         0
    1.3333
         0
         0


z =

    1.3333


ans =

    1.0000   -0.3333   -0.6667    1.3333    0.3333
    3.0000    4.0000    5.0000    7.0000    8.0000

%by Dantzig's rule, x2 will enter the basis
% we want he coefficients of x2 from inv(B)*AN

a = A(:,5)

a =

     0
     0
     1

d = solveBxb(L,U,p,a)

d =

    0.3333
   -0.3333
    0.6667

xb

xb =

    1.6667
    1.3333
    1.3333

% we want to maximize t subject to [1.6667;1.3333;1.3333] - t*[0.3333;-0.3333;0.6667] >= 0
% x6 will decrease to 0 and leave the basis 
% New basis is x1,x2, x5

basis = [1 2 5]

basis =

     1     2     5

nonbasis = [3 4 6 7 8]

nonbasis =

     3     4     6     7     8

basisupdate

y =

     0
     0
     0


x =

    1.0000
    2.0000
         0
         0
    2.0000
         0
         0
         0


z =

     0


ans =

     0     0     1     1     1
     3     4     6     7     8


% we have finished phase 1 because this an optimal solution with z = 0. So,
% for phase 2 we can consider x1, x2, x7 as the starting basis

% Phase 2

A = A(:,1:5)

A =

     1    -1     1     0     0
    -1    -1     0     1     0
     2    -1     0     0     1

c = [-3;-1;0;0;0]

c =

    -3
    -1
     0
     0
     0


basis = [1 2 5]

basis =

     1     2     5

nonbasis = [3 4]

nonbasis =

     3     4


basisupdate

y =

    -1
     2
     0


x =

    1.0000
    2.0000
         0
         0
    2.0000


z =

    -5


ans =

     1    -2
     3     4

%by Dantzig's rule, x4 will enter the basis
% we want he coefficients of x4 from inv(B)*AN

a = A(:,4)

a =

     0
     1
     0

d = solveBxb(L,U,p,a)

d =

   -0.5000
   -0.5000
    0.5000

xb

xb =

    1.0000
    2.0000
    2.0000

% we want to maximize t subject to [1;2;2] - t*[-0.5;-0.5;.5] >= 0
% x5 will decrease to 0 and leave the basis 
% New basis is x1,x2, x4

basis = [1 2 4]

basis =

     1     2     4

nonbasis = [3 5]

nonbasis =

     3     5


basisupdate

y =

    5.0000
   -0.0000
   -4.0000


x =

    3.0000
    4.0000
         0
    4.0000
         0


z =

   -13


ans =

   -5.0000    4.0000
    3.0000    5.0000

%by Dantzig's rule, x3 will enter the basis
% we want he coefficients of x3 from inv(B)*AN

a = A(:,3)

a =

     1
     0
     0

d = solveBxb(L,U,p,a)

d =

    -1
    -2
    -3

xb

xb =

    3.0000
    4.0000
    4.0000

% we want to maximize t subject to [3;4;4] - t*[-1;-2;-3] >= 0

% The LP is unbounded !!!
diary off
